P11,P12,P13,P21,P22,P23,P31,P32,P33,P41,P42,P43,R1,R2,R3,R4
-11602023.95,14063117.49,18811434.31,-20853271.57,1806977.212,16542682.12,-14355926.02,8650961.884,20736354.98,7475239.675,12966181.28,21931576.79,23568206.42,26183921.46,24652215.26,25606982.93
-11602700.41,14060708.16,18812823.4,-20855049.93,1805887.131,16540582.47,-14356344.17,8648384.477,20737164.34,7472917.322,12967714.46,21931442.6,23568427.79,26184404.11,24652621.9,25606499.47
-11603377.03,14058298.7,18814212.08,-20856828.12,1804797.28,16538482.46,-14356762.48,8645806.995,20737973.26,7470595.072,12969247.77,21931307.95,23568650.09,26184884.71,24653025.28,25606016.7
-11604053.8,14055889.09,18815600.33,-20858606.14,1803707.661,16536382.11,-14357180.94,8643229.438,20738781.75,7468272.927,12970781.22,21931172.82,23568869.53,26185366.65,24653428.84,25605534.46
-11604730.73,14053479.35,18816988.17,-20860383.99,1802618.273,16534281.41,-14357599.54,8640651.806,20739589.8,7465950.886,12972314.8,21931037.23,23569094.44,26185845.78,24653834.85,25605048.96
-11605407.81,14051069.46,18818375.59,-20862161.67,1801529.116,16532180.36,-14358018.3,8638074.1,20740397.42,7463628.95,12973848.5,21930901.18,23569315.41,26186327.8,24654241.18,25604567.33
-11606085.05,14048659.44,18819762.6,-20863939.19,1800440.19,16530078.97,-14358437.21,8635496.319,20741204.59,7461307.118,12975382.34,21930764.65,23569537.89,26186808.23,24654645.11,25604081.94
-11606762.45,14046249.29,18821149.19,-20865716.54,1799351.495,16527977.23,-14358856.27,8632918.464,20742011.34,7458985.391,12976916.32,21930627.66,23569760.06,26187289.5,24655052.48,25603599.69
-11607440,14043838.99,18822535.36,-20867493.71,1798263.031,16525875.14,-14359275.48,8630340.534,20742817.64,7456663.768,12978450.42,21930490.2,23569981.91,26187768.84,24655456.87,25603116.49
-11608117.71,14041428.56,18823921.11,-20869270.73,1797174.798,16523772.71,-14359694.83,8627762.53,20743623.51,7454342.25,12979984.65,21930352.28,23570205.86,26188253.19,24655862.48,25602632.61
-11608795.57,14039017.98,18825306.45,-20871047.57,1796086.796,16521669.93,-14360114.34,8625184.451,20744428.95,7452020.836,12981519.02,21930213.89,23570427.87,26188734.4,24656267.62,25602148.14
-11609473.59,14036607.28,18826691.36,-20872824.24,1794999.025,16519566.8,-14360534,8622606.298,20745233.94,7449699.528,12983053.51,21930075.03,23570650.32,26189215.46,24656671.9,25601667.63
-11610151.77,14034196.43,18828075.87,-20874600.75,1793911.485,16517463.32,-14360953.81,8620028.071,20746038.51,7447378.324,12984588.14,21929935.7,23570873.11,26189696.83,24657077.33,25601183.04
-11610830.1,14031785.44,18829459.95,-20876377.09,1792824.176,16515359.5,-14361373.78,8617449.77,20746842.63,7445057.225,12986122.9,21929795.91,23571094.64,26190179.33,24657484.65,25600699.44
-11611508.59,14029374.32,18830843.61,-20878153.25,1791737.098,16513255.33,-14361793.89,8614871.395,20747646.32,7442736.231,12987657.79,21929655.65,23571317.65,26190658.51,24657890.09,25600219.09
-11612187.23,14026963.06,18832226.86,-20879929.25,1790650.25,16511150.82,-14362214.15,8612292.946,20748449.57,7440415.342,12989192.81,21929514.92,23571542.27,26191142.23,24658293.69,25599735.33
-11612866.03,14024551.67,18833609.69,-20881705.09,1789563.634,16509045.96,-14362634.56,8609714.422,20749252.39,7438094.558,12990727.96,21929373.73,23571765.64,26191622.82,24658699.82,25599252.73
-11613544.98,14022140.13,18834992.11,-20883480.75,1788477.249,16506940.75,-14363055.12,8607135.825,20750054.77,7435773.879,12992263.25,21929232.07,23571987.53,26192101.52,24659106.95,25598769.06
-11614224.1,14019728.46,18836374.1,-20885256.24,1787391.094,16504835.19,-14363475.84,8604557.154,20750856.71,7433453.305,12993798.66,21929089.94,23572212.17,26192584.83,24659511.32,25598287.19
-11614903.36,14017316.65,18837755.68,-20887031.57,1786305.171,16502729.29,-14363896.7,8601978.41,20751658.22,7431132.837,12995334.2,21928947.34,23572433.91,26193065.36,24659918.71,25597804.99
-11615582.79,14014904.71,18839136.84,-20888806.72,1785219.478,16500623.05,-14364317.72,8599399.591,20752459.29,7428812.474,12996869.88,21928804.28,23572658.65,26193548.16,24660325.08,25597322.21
-11616262.37,14012492.62,18840517.58,-20890581.71,1784134.017,16498516.45,-14364738.88,8596820.699,20753259.93,7426492.216,12998405.69,21928660.75,23572882.73,26194030.43,24660732.89,25596841.22
-11616942.1,14010080.4,18841897.91,-20892356.53,1783048.786,16496409.51,-14365160.2,8594241.733,20754060.13,7424172.063,12999941.62,21928516.76,23573105.26,26194510.31,24661138.81,25596357.51
-11617621.99,14007668.05,18843277.81,-20894131.18,1781963.786,16494302.22,-14365581.66,8591662.694,20754859.89,7421852.016,13001477.69,21928372.3,23573329.67,26194992.98,24661542.66,25595876.93
-11618302.04,14005255.55,18844657.3,-20895905.66,1780879.017,16492194.59,-14366003.28,8589083.581,20755659.21,7419532.075,13003013.89,21928227.37,23573552.31,26195473.37,24661950.14,25595393.44
-11618980.3,14002844.64,18846041.59,-20897682.08,1779791.592,16490090.95,-14366423.16,8586505.319,20756463.56,7417210.925,13004548.58,21928087.81,23573778.97,26195958.8,24662359.26,25594914.2
-11619656.76,14000435.31,18847430.68,-20899460.43,1778701.511,16487991.29,-14366841.32,8583927.912,20757272.92,7414888.571,13006081.76,21927953.62,23574008.16,26196449.67,24662772.9,25594438.05
-11620333.37,13998025.84,18848819.36,-20901238.62,1777611.661,16485891.28,-14367259.63,8581350.429,20758081.84,7412566.321,13007615.08,21927818.96,23574238.27,26196938.47,24663183.28,25593962.58
-11621010.15,13995616.24,18850207.61,-20903016.64,1776522.042,16483790.93,-14367678.08,8578772.873,20758890.33,7410244.176,13009148.52,21927683.84,23574465.52,26197428.62,24663593.86,25593487.65
-11621687.07,13993206.49,18851595.45,-20904794.49,1775432.654,16481690.23,-14368096.69,8576195.241,20759698.38,7407922.135,13010682.1,21927548.25,23574698.25,26197915.96,24664006.87,25593009.46
-11622364.16,13990796.61,18852982.88,-20906572.17,1774343.497,16479589.18,-14368515.45,8573617.535,20760505.99,7405600.199,13012215.81,21927412.19,23574927.04,26198406.2,24664420.2,25592535.14
-11623041.4,13988386.59,18854369.88,-20908349.69,1773254.571,16477487.79,-14368934.36,8571039.754,20761313.17,7403278.367,13013749.65,21927275.67,23575157.33,26198894.83,24664831.14,25592057.06
-11623718.79,13985976.43,18855756.47,-20910127.04,1772165.876,16475386.05,-14369353.41,8568461.899,20762119.91,7400956.64,13015283.62,21927138.68,23575387.32,26199384.32,24665245.51,25591582.11
-11624396.35,13983566.14,18857142.64,-20911904.22,1771077.412,16473283.96,-14369772.62,8565883.969,20762926.22,7398635.017,13016817.72,21927001.22,23575616.98,26199871.87,24665656.91,25591106.22
-11625074.05,13981155.7,18858528.39,-20913681.23,1769989.179,16471181.53,-14370191.98,8563305.964,20763732.09,7396313.499,13018351.96,21926863.29,23575848.75,26200364.43,24666069.52,25590629.66
-11625751.92,13978745.13,18859913.73,-20915458.07,1768901.177,16469078.75,-14370611.49,8560727.886,20764537.52,7393992.086,13019886.32,21926724.9,23576078.57,26200853.84,24666481.66,25590152.49
-11626429.94,13976334.42,18861298.65,-20917234.74,1767813.405,16466975.62,-14371031.15,8558149.733,20765342.52,7391670.777,13021420.82,21926586.04,23576308.84,26201343.12,24666892.95,25589679.29
-11627108.11,13973923.57,18862683.15,-20919011.25,1766725.865,16464872.14,-14371450.96,8555571.506,20766147.08,7389349.573,13022955.45,21926446.71,23576539.44,26201832.7,24667305.39,25589202.01
-11627786.45,13971512.59,18864067.23,-20920787.59,1765638.556,16462768.32,-14371870.92,8552993.205,20766951.21,7387028.474,13024490.21,21926306.92,23576768.79,26202323.41,24667719.71,25588725.72
-11628464.93,13969101.47,18865450.9,-20922563.76,1764551.478,16460664.15,-14372291.03,8550414.83,20767754.9,7384707.48,13026025.09,21926166.66,23576999.62,26202810.8,24668132.15,25588252.68
-11629143.58,13966690.21,18866834.14,-20924339.76,1763464.631,16458559.64,-14372711.3,8547836.38,20768558.15,7382386.591,13027560.12,21926025.93,23577232.05,26203302.73,24668542.75,25587776.23
-11629822.38,13964278.81,18868216.97,-20926115.59,1762378.015,16456454.78,-14373131.71,8545257.857,20769360.97,7380065.807,13029095.27,21925884.74,23577463.23,26203791.54,24668955.89,25587300.94
-11630501.33,13961867.28,18869599.39,-20927891.25,1761291.629,16454349.57,-14373552.27,8542679.26,20770163.35,7377745.128,13030630.55,21925743.08,23577692.94,26204278.45,24669370.02,25586824.58
-11631180.44,13959455.61,18870981.38,-20929666.74,1760205.475,16452244.02,-14373972.99,8540100.589,20770965.29,7375424.555,13032165.96,21925600.95,23577925.39,26204769.98,24669781.39,25586350.02
-11631859.71,13957043.8,18872362.96,-20931442.07,1759119.551,16450138.11,-14374393.85,8537521.844,20771766.8,7373104.086,13033701.51,21925458.36,23578154.94,26205258.71,24670195.79,25585875.12
-11632539.14,13954631.85,18873744.12,-20933217.22,1758033.859,16448031.87,-14374814.86,8534943.026,20772567.87,7370783.723,13035237.18,21925315.3,23578387.5,26205749.72,24670609.17,25585399.66
-11633218.71,13952219.77,18875124.86,-20934992.21,1756948.397,16445925.27,-14375236.03,8532364.134,20773368.5,7368463.465,13036772.99,21925171.77,23578619.39,26206240.21,24671023.98,25584925.97
-11633898.45,13949807.55,18876505.19,-20936767.03,1755863.166,16443818.33,-14375657.34,8529785.168,20774168.7,7366143.313,13038308.93,21925027.77,23578849.73,26206728.3,24671436.9,25584449.57
-11634578.34,13947395.19,18877885.09,-20938541.68,1754778.167,16441711.05,-14376078.81,8527206.129,20774968.46,7363823.266,13039845,21924883.31,23579081.95,26207219.18,24671847.75,25583976.3
-11635258.39,13944982.7,18879264.58,-20940316.16,1753693.398,16439603.41,-14376500.43,8524627.016,20775767.79,7361503.324,13041381.19,21924738.38,23579312.41,26207707.78,24672262.23,25583500.12
-11635936.64,13942571.78,18880648.87,-20942092.58,1752605.973,16437499.77,-14376920.31,8522048.753,20776572.13,7359182.174,13042915.89,21924598.82,23579546.88,26208201.43,24672678.36,25583028.19
-11636613.1,13940162.46,18882037.97,-20943870.93,1751515.892,16435400.11,-14377338.47,8519471.346,20777381.49,7356859.82,13044449.07,21924464.63,23579783.89,26208700.5,24673099.01,25582559.35
-11637289.72,13937752.99,18883426.64,-20945649.12,1750426.041,16433300.1,-14377756.77,8516893.864,20778190.42,7354537.571,13045982.38,21924329.97,23580021.82,26209197.52,24673516.39,25582091.19
-11637966.49,13935343.38,18884814.9,-20947427.14,1749336.422,16431199.75,-14378175.23,8514316.307,20778998.9,7352215.426,13047515.83,21924194.85,23580256.89,26209695.88,24673933.97,25581623.57
-11638643.42,13932933.64,18886202.74,-20949204.99,1748247.034,16429099.05,-14378593.84,8511738.676,20779806.95,7349893.385,13049049.41,21924059.26,23580497.43,26210191.43,24674353.99,25581152.68
-11639320.51,13930523.76,18887590.16,-20950982.68,1747157.877,16426998.01,-14379012.59,8509160.969,20780614.57,7347571.448,13050583.11,21923923.2,23580734.04,26210689.87,24674774.32,25580685.68
-11639997.75,13928113.74,18888977.16,-20952760.19,1746068.951,16424896.61,-14379431.5,8506583.189,20781421.75,7345249.616,13052116.95,21923786.68,23580972.14,26211186.72,24675192.26,25580214.9
-11640675.14,13925703.58,18890363.75,-20954537.54,1744980.256,16422794.87,-14379850.56,8504005.333,20782228.49,7342927.889,13053650.93,21923649.69,23581209.95,26211684.41,24675613.64,25579747.26
-11641352.69,13923293.28,18891749.92,-20956314.72,1743891.792,16420692.78,-14380269.77,8501427.403,20783034.8,7340606.266,13055185.03,21923512.23,23581447.42,26212180.17,24676032.04,25579278.68
-11642030.4,13920882.85,18893135.67,-20958091.73,1742803.559,16418590.35,-14380689.13,8498849.399,20783840.67,7338284.748,13056719.26,21923374.31,23581687.01,26212680.94,24676451.66,25578809.42
-11642708.27,13918472.28,18894521.01,-20959868.57,1741715.557,16416487.57,-14381108.64,8496271.321,20784646.1,7335963.335,13058253.63,21923235.91,23581924.64,26213178.57,24676870.8,25578339.57
-11643386.29,13916061.57,18895905.93,-20961645.25,1740627.786,16414384.44,-14381528.3,8493693.168,20785451.1,7333642.026,13059788.12,21923097.05,23582162.73,26213676.06,24677289.09,25577873.68
-11644064.46,13913650.72,18897290.43,-20963421.75,1739540.246,16412280.97,-14381948.11,8491114.941,20786255.66,7331320.823,13061322.75,21922957.73,23582401.14,26214173.85,24677708.54,25577403.7
-11644742.79,13911239.74,18898674.51,-20965198.09,1738452.937,16410177.14,-14382368.07,8488536.64,20787059.78,7328999.724,13062857.51,21922817.94,23582638.3,26214672.77,24678129.86,25576934.72
-11645421.28,13908828.61,18900058.18,-20966974.26,1737365.859,16408072.98,-14382788.18,8485958.264,20787863.47,7326678.73,13064392.4,21922677.68,23582876.95,26215168.37,24678549.3,25576468.99
-11646099.92,13906417.35,18901441.43,-20968750.26,1736279.011,16405968.46,-14383208.44,8483379.815,20788666.73,7324357.841,13065927.42,21922536.95,23583117.19,26215668.51,24678966.91,25575999.85
-11646778.72,13904005.96,18902824.26,-20970526.09,1735192.395,16403863.6,-14383628.86,8480801.292,20789469.54,7322037.057,13067462.57,21922395.76,23583356.19,26216165.53,24679387.05,25575531.87
-11647457.68,13901594.42,18904206.67,-20972301.75,1734106.01,16401758.39,-14384049.42,8478222.695,20790271.92,7319716.378,13068997.85,21922254.09,23583593.71,26216660.65,24679808.19,25575062.82
-11648136.79,13899182.75,18905588.66,-20974077.25,1733019.855,16399652.84,-14384470.13,8475644.024,20791073.87,7317395.804,13070533.27,21922111.97,23583833.98,26217160.39,24680226.56,25574595.57
-11648816.06,13896770.94,18906970.24,-20975852.57,1731933.932,16397546.94,-14384891,8473065.279,20791875.37,7315075.336,13072068.81,21921969.37,23584071.34,26217657.34,24680647.96,25574127.98
-11649495.48,13894359,18908351.4,-20977627.73,1730848.239,16395440.69,-14385312.01,8470486.46,20792676.45,7312754.972,13073604.49,21921826.31,23584311.71,26218156.56,24681068.34,25573659.82
-11650175.06,13891946.91,18909732.14,-20979402.71,1729762.778,16393334.09,-14385733.18,8467907.568,20793477.08,7310434.714,13075140.3,21921682.78,23584551.42,26218655.26,24681490.15,25573193.44
-11650854.8,13889534.69,18911112.47,-20981177.53,1728677.547,16391227.15,-14386154.49,8465328.603,20794277.28,7308114.562,13076676.23,21921538.79,23584789.57,26219151.56,24681910.08,25572724.36
-11651534.69,13887122.34,18912492.38,-20982952.18,1727592.547,16389119.87,-14386575.96,8462749.563,20795077.04,7305794.515,13078212.3,21921394.32,23585029.6,26219650.66,24682327.94,25572258.4
-11652214.74,13884709.84,18913871.87,-20984726.66,1726507.778,16387012.23,-14386997.57,8460170.451,20795876.37,7303474.573,13079748.5,21921249.39,23585267.88,26220147.48,24682749.42,25571789.52
-11652892.99,13882298.93,18915256.16,-20986503.08,1725420.353,16384908.59,-14387417.46,8457592.188,20796680.71,7301153.423,13081283.19,21921109.83,23585510.16,26220649.33,24683172.55,25571324.9
-11653569.45,13879889.6,18916645.25,-20988281.44,1724330.272,16382808.93,-14387835.62,8455014.781,20797490.07,7298831.069,13082816.37,21920975.64,23585754.98,26221156.61,24683600.2,25570863.37
-11654246.07,13877480.13,18918033.92,-20990059.62,1723240.422,16380708.92,-14388253.92,8452437.299,20798298.99,7296508.82,13084349.69,21920840.99,23586000.73,26221661.84,24684024.59,25570402.52
-11654922.84,13875070.53,18919422.18,-20991837.64,1722150.803,16378608.57,-14388672.38,8449859.742,20799107.48,7294186.675,13085883.13,21920705.87,23586243.61,26222168.41,24684449.17,25569942.2
-11655599.77,13872660.78,18920810.02,-20993615.49,1721061.415,16376507.87,-14389090.98,8447282.11,20799915.53,7291864.634,13087416.71,21920570.28,23586491.97,26222672.17,24684876.19,25569478.63
-11656276.85,13870250.9,18922197.44,-20995393.18,1719972.258,16374406.83,-14389509.74,8444704.404,20800723.14,7289542.698,13088950.42,21920434.22,23586736.39,26223178.82,24685303.53,25569018.93
-11656954.09,13867840.88,18923584.44,-20997170.69,1718883.332,16372305.43,-14389928.65,8442126.623,20801530.32,7287220.866,13090484.26,21920297.69,23586982.31,26223683.87,24685728.48,25568555.46
-11657631.49,13865430.72,18924971.03,-20998948.04,1717794.636,16370203.69,-14390347.71,8439548.768,20802337.07,7284899.138,13092018.23,21920160.7,23587227.93,26224189.78,24686156.86,25568095.13
-11658309.04,13863020.43,18926357.2,-21000725.22,1716706.172,16368101.61,-14390766.92,8436970.838,20803143.37,7282577.516,13093552.33,21920023.24,23587473.22,26224693.75,24686582.26,25567633.86
-11658986.75,13860609.99,18927742.96,-21002502.23,1715617.939,16365999.17,-14391186.28,8434392.834,20803949.24,7280255.998,13095086.57,21919885.32,23587720.62,26225202.73,24687008.88,25567171.91
-11659664.61,13858199.42,18929128.29,-21004279.07,1714529.937,16363896.39,-14391605.79,8431814.755,20804754.68,7277934.584,13096620.93,21919746.93,23587966.07,26225708.57,24687435.03,25566709.37
-11660342.63,13855788.71,18930513.21,-21006055.75,1713442.166,16361793.26,-14392025.45,8429236.602,20805559.67,7275613.276,13098155.43,21919608.07,23588211.97,26226214.26,24687860.32,25566250.79
-11661020.81,13853377.87,18931897.71,-21007832.25,1712354.626,16359689.79,-14392445.26,8426658.375,20806364.24,7273292.072,13099690.06,21919468.74,23588458.2,26226720.26,24688286.77,25565788.12
-11661699.14,13850966.88,18933281.79,-21009608.59,1711267.317,16357585.96,-14392865.22,8424080.074,20807168.36,7270970.973,13101224.81,21919328.95,23588703.17,26227227.39,24688715.1,25565326.45
-11662377.63,13848555.76,18934665.46,-21011384.76,1710180.239,16355481.8,-14393285.33,8421501.699,20807972.05,7268649.979,13102759.7,21919188.69,23588949.63,26227731.21,24689141.54,25564868.03
-11663056.27,13846144.5,18936048.71,-21013160.76,1709093.392,16353377.28,-14393705.59,8418923.25,20808775.3,7266329.09,13104294.72,21919047.96,23589197.69,26228239.56,24689566.15,25564406.2
-11663735.07,13843733.1,18937431.54,-21014936.59,1708006.775,16351272.42,-14394126,8416344.726,20809578.12,7264008.306,13105829.88,21918906.77,23589444.5,26228744.79,24689993.3,25563945.52
-11664414.03,13841321.57,18938813.95,-21016712.25,1706920.39,16349167.21,-14394546.57,8413766.129,20810380.5,7261687.627,13107365.16,21918765.11,23589689.84,26229248.12,24690421.43,25563483.78
-11665093.14,13838909.9,18940195.95,-21018487.75,1705834.236,16347061.66,-14394967.28,8411187.458,20811182.44,7259367.053,13108900.57,21918622.98,23589937.91,26229756.07,24690846.81,25563023.84
-11665772.41,13836498.09,18941577.52,-21020263.07,1704748.312,16344955.76,-14395388.14,8408608.714,20811983.95,7257046.585,13110436.12,21918480.39,23590183.09,26230261.23,24691275.21,25562563.56
-11666451.83,13834086.14,18942958.68,-21022038.23,1703662.62,16342849.51,-14395809.16,8406029.895,20812785.02,7254726.222,13111971.79,21918337.32,23590431.28,26230768.66,24691702.59,25562102.71
-11667131.41,13831674.06,18944339.43,-21023813.22,1702577.158,16340742.92,-14396230.32,8403451.003,20813585.66,7252405.964,13113507.6,21918193.8,23590678.79,26231275.57,24692131.41,25561643.64
-11667811.15,13829261.84,18945719.75,-21025588.03,1701491.927,16338635.98,-14396651.64,8400872.037,20814385.86,7250085.811,13115043.54,21918049.8,23590924.76,26231780.09,24692558.34,25561181.87
-11668491.04,13826849.48,18947099.66,-21027362.68,1700406.927,16336528.69,-14397073.1,8398292.998,20815185.62,7247765.764,13116579.6,21917905.34,23591172.61,26232287.4,24692983.19,25560723.22
-11669171.09,13824436.99,18948479.15,-21029137.16,1699322.158,16334421.06,-14397494.72,8395713.885,20815984.94,7245445.823,13118115.8,21917760.41,23591418.69,26232792.42,24693411.68,25560261.65
-11669849.34,13822026.08,18949863.44,-21030913.58,1698234.734,16332317.41,-14397914.61,8393135.623,20816789.29,7243124.672,13119650.49,21917620.85,23591668.79,26233302.49,24693841.81,25559804.34
-11670525.8,13819616.75,18951252.53,-21032691.94,1697144.652,16330217.75,-14398332.76,8390558.216,20817598.65,7240802.319,13121183.68,21917486.66,23591921.42,26233817.98,24694276.46,25559350.11
-11671202.42,13817207.28,18952641.2,-21034470.13,1696054.802,16328117.75,-14398751.07,8387980.733,20818407.57,7238480.069,13122716.99,21917352,23592174.99,26234331.41,24694707.86,25558896.57
-11671879.19,13814797.67,18954029.46,-21036248.15,1694965.183,16326017.39,-14399169.53,8385403.177,20819216.06,7236157.924,13124250.44,21917216.88,23592425.68,26234846.19,24695139.44,25558443.57
-11672556.12,13812387.93,18955417.3,-21038026,1693875.795,16323916.69,-14399588.13,8382825.545,20820024.11,7233835.883,13125784.01,21917081.29,23592681.86,26235358.15,24695573.47,25557987.3
-11673233.2,13809978.05,18956804.72,-21039803.68,1692786.638,16321815.65,-14400006.89,8380247.839,20820831.72,7231513.947,13127317.72,21916945.23,23592934.1,26235873.02,24696007.81,25557534.91
-11673910.44,13807568.03,18958191.73,-21041581.2,1691697.712,16319714.25,-14400425.8,8377670.058,20821638.9,7229192.115,13128851.56,21916808.71,23593187.83,26236386.28,24696439.76,25557078.75
-11674587.84,13805157.87,18959578.31,-21043358.54,1690609.017,16317612.51,-14400844.86,8375092.203,20822445.64,7226870.388,13130385.53,21916671.72,23593441.26,26236900.39,24696875.14,25556625.73
-11675265.39,13802747.57,18960964.48,-21045135.72,1689520.553,16315510.43,-14401264.06,8372514.273,20823251.95,7224548.765,13131919.64,21916534.26,23593694.37,26237412.57,24697307.55,25556171.77
-11675943.1,13800337.14,18962350.24,-21046912.73,1688432.32,16313407.99,-14401683.42,8369936.269,20824057.82,7222227.247,13133453.87,21916396.33,23593949.58,26237929.76,24697741.17,25555717.13
-11676620.96,13797926.57,18963735.57,-21048689.58,1687344.318,16311305.21,-14402102.93,8367358.19,20824863.25,7219905.834,13134988.24,21916257.94,23594202.84,26238443.81,24698174.32,25555261.89
-11677298.98,13795515.86,18965120.49,-21050466.25,1686256.547,16309202.08,-14402522.59,8364780.037,20825668.25,7217584.525,13136522.73,21916119.08,23594456.56,26238957.71,24698606.62,25554810.62
-11677977.16,13793105.01,18966504.99,-21052242.76,1685169.007,16307098.61,-14402942.4,8362201.81,20826472.81,7215263.321,13138057.36,21915979.76,23594710.6,26239471.92,24699040.06,25554355.26
-11678655.49,13790694.03,18967889.08,-21054019.09,1684081.698,16304994.79,-14403362.36,8359623.509,20827276.94,7212942.222,13139592.12,21915839.96,23594963.39,26239987.26,24699475.4,25553900.9
-11679333.98,13788282.9,18969272.74,-21055795.26,1682994.619,16302890.62,-14403782.48,8357045.134,20828080.63,7210621.228,13141127.01,21915699.7,23595217.66,26240499.28,24699908.84,25553449.78
-11680012.62,13785871.65,18970655.99,-21057571.26,1681907.772,16300786.1,-14404202.74,8354466.684,20828883.88,7208300.339,13142662.03,21915558.98,23595473.53,26241015.85,24700340.46,25552995.27
-11680691.42,13783460.25,18972038.82,-21059347.09,1680821.156,16298681.24,-14404623.15,8351888.161,20829686.7,7205979.555,13144197.18,21915417.78,23595728.15,26241529.29,24700774.6,25552541.9
-11681370.37,13781048.71,18973421.23,-21061122.76,1679734.771,16296576.03,-14405043.71,8349309.564,20830489.08,7203658.876,13145732.46,21915276.12,23595981.3,26242040.82,24701209.74,25552087.47
-11682049.49,13778637.04,18974803.23,-21062898.25,1678648.616,16294470.48,-14405464.43,8346730.893,20831291.02,7201338.303,13147267.88,21915133.99,23596237.19,26242556.99,24701642.12,25551634.83
-11682728.75,13776225.23,18976184.81,-21064673.58,1677562.693,16292364.58,-14405885.29,8344152.148,20832092.53,7199017.834,13148803.42,21914991.4,23596490.18,26243070.36,24702077.52,25551181.87
-11683408.18,13773813.29,18977565.97,-21066448.73,1676477,16290258.33,-14406306.31,8341573.33,20832893.6,7196697.471,13150339.1,21914848.34,23596746.18,26243586,24702511.9,25550728.33
-11684087.76,13771401.21,18978946.71,-21068223.72,1675391.538,16288151.74,-14406727.47,8338994.438,20833694.23,7194377.213,13151874.9,21914704.81,23597001.51,26244101.12,24702947.72,25550276.56
-11684767.49,13768988.99,18980327.03,-21069998.54,1674306.308,16286044.8,-14407148.79,8336415.472,20834494.43,7192057.061,13153410.84,21914560.81,23597255.28,26244613.85,24703381.65,25549822.1
-11685447.38,13766576.63,18981706.94,-21071773.18,1673221.308,16283937.51,-14407570.25,8333836.433,20835294.19,7189737.013,13154946.91,21914416.35,23597510.94,26245129.37,24703813.51,25549370.76
-11686127.43,13764164.14,18983086.43,-21073547.66,1672136.539,16281829.88,-14407991.87,8331257.32,20836093.52,7187417.072,13156483.11,21914271.42,23597764.84,26245642.6,24704248.99,25548916.5
-11686805.69,13761753.22,18984470.72,-21075324.08,1671049.114,16279726.23,-14408411.75,8328679.057,20836897.86,7185095.922,13158017.8,21914131.86,23598022.75,26246160.88,24704686.13,25548466.49
-11687482.15,13759343.89,18985859.81,-21077102.44,1669959.033,16277626.57,-14408829.91,8326101.65,20837707.22,7182773.568,13159550.98,21913997.67,23598283.2,26246684.57,24705127.78,25548019.58
-11688158.76,13756934.42,18987248.48,-21078880.63,1668869.183,16275526.57,-14409248.22,8323524.168,20838516.15,7180451.319,13161084.3,21913863.02,23598544.58,26247206.21,24705566.18,25547573.34
-11688835.54,13754524.82,18988636.74,-21080658.65,1667779.564,16273426.21,-14409666.67,8320946.611,20839324.63,7178129.173,13162617.74,21913727.89,23598803.09,26247729.2,24706004.77,25547127.65
-11689512.46,13752115.07,18990024.58,-21082436.5,1666690.175,16271325.52,-14410085.28,8318368.98,20840132.68,7175807.133,13164151.32,21913592.3,23599067.08,26248249.37,24706445.79,25546678.69
-11690189.55,13749705.19,18991412,-21084214.18,1665601.018,16269224.47,-14410504.04,8315791.273,20840940.3,7173485.196,13165685.03,21913456.25,23599327.13,26248772.44,24706887.14,25546233.61
-11690866.79,13747295.17,18992799.01,-21085991.7,1664512.092,16267123.08,-14410922.94,8313213.493,20841747.48,7171163.364,13167218.87,21913319.72,23599588.68,26249293.91,24707326.09,25545784.76
-11691544.18,13744885.01,18994185.6,-21087769.05,1663423.397,16265021.34,-14411342,8310635.637,20842554.22,7168841.637,13168752.84,21913182.73,23599849.93,26249816.23,24707768.48,25545339.05
-11692221.74,13742474.72,18995571.77,-21089546.23,1662334.933,16262919.25,-14411761.21,8308057.707,20843360.53,7166520.014,13170286.94,21913045.27,23600110.84,26250336.62,24708207.88,25544892.4
-11692899.44,13740064.28,18996957.52,-21091323.24,1661246.7,16260816.81,-14412180.57,8305479.703,20844166.4,7164198.496,13171821.18,21912907.35,23600373.87,26250862.01,24708648.51,25544445.06
-11693577.31,13737653.71,18998342.85,-21093100.08,1660158.698,16258714.03,-14412600.08,8302901.625,20844971.83,7161877.083,13173355.54,21912768.96,23600634.94,26251384.27,24709088.66,25543997.14
-11694255.33,13735243,18999727.77,-21094876.75,1659070.927,16256610.9,-14413019.74,8300323.472,20845776.83,7159555.774,13174890.04,21912630.1,23600896.47,26251906.38,24709527.96,25543553.17
-11694933.5,13732832.16,19001112.27,-21096653.26,1657983.387,16254507.43,-14413439.55,8297745.245,20846581.39,7157234.57,13176424.66,21912490.77,23601158.33,26252428.8,24709968.41,25543105.12
-11695611.84,13730421.17,19002496.36,-21098429.6,1656896.078,16252403.61,-14413859.51,8295166.944,20847385.51,7154913.471,13177959.42,21912350.98,23601418.93,26252952.34,24710410.74,25542658.07
-11696290.32,13728010.05,19003880.02,-21100205.77,1655809,16250299.44,-14414279.62,8292588.568,20848189.2,7152592.478,13179494.31,21912210.72,23601681.01,26253472.58,24710851.19,25542214.26
-11696968.97,13725598.79,19005263.27,-21101981.77,1654722.153,16248194.92,-14414699.89,8290010.119,20848992.46,7150271.588,13181029.33,21912069.99,23601944.7,26253997.35,24711289.8,25541767.05
-11697647.77,13723187.39,19006646.1,-21103757.6,1653635.536,16246090.06,-14415120.3,8287431.596,20849795.27,7147950.805,13182564.49,21911928.8,23602207.13,26254519,24711730.95,25541320.99
-11698326.72,13720775.86,19008028.51,-21105533.26,1652549.151,16243984.85,-14415540.86,8284852.999,20850597.65,7145630.126,13184099.77,21911787.14,23602468.09,26255038.75,24712173.08,25540873.87
-11699005.83,13718364.19,19009410.51,-21107308.75,1651462.997,16241879.3,-14415961.57,8282274.328,20851399.6,7143309.552,13185635.18,21911645.01,23602731.79,26255563.12,24712612.47,25540428.54
-11699685.1,13715952.38,19010792.09,-21109084.08,1650377.073,16239773.4,-14416382.44,8279695.583,20852201.1,7140989.083,13187170.73,21911502.41,23602992.59,26256084.7,24713054.86,25539982.89
-11700364.53,13713540.43,19012173.25,-21110859.23,1649291.381,16237667.15,-14416803.45,8277116.764,20853002.18,7138668.72,13188706.4,21911359.35,23603256.4,26256608.55,24713496.25,25539536.65
-11701044.1,13711128.35,19013553.99,-21112634.22,1648205.919,16235560.56,-14417224.62,8274537.872,20853802.81,7136348.462,13190242.21,21911215.82,23603519.54,26257131.88,24713939.07,25539092.2
-11701723.84,13708716.13,19014934.31,-21114409.04,1647120.688,16233453.62,-14417645.93,8271958.907,20854603.01,7134028.31,13191778.15,21911071.83,23603781.13,26257652.81,24714380,25538645.04
-11702403.73,13706303.77,19016314.22,-21116183.69,1646035.688,16231346.33,-14418067.4,8269379.867,20855402.77,7131708.263,13193314.21,21910927.37,23604044.6,26258176.54,24714818.86,25538201.01
-11703083.78,13703891.28,19017693.71,-21117958.17,1644950.919,16229238.7,-14418489.02,8266800.755,20856202.1,7129388.321,13194850.41,21910782.44,23604306.31,26258697.99,24715261.34,25537754.06
-11703762.03,13701480.37,19019078,-21119734.59,1643863.494,16227135.05,-14418908.9,8264222.492,20857006.44,7127067.171,13196385.1,21910642.88,23604572.03,26259224.47,24715705.47,25537311.37
-11704438.49,13699071.04,19020467.09,-21121512.94,1642773.413,16225035.39,-14419327.06,8261645.085,20857815.8,7124744.817,13197918.29,21910508.69,23604840.29,26259756.37,24716154.13,25536871.76
-11705115.11,13696661.57,19021855.77,-21123291.13,1641683.563,16222935.39,-14419745.36,8259067.603,20858624.72,7122422.568,13199451.6,21910374.03,23605109.48,26260286.22,24716599.53,25536432.83
-11705791.88,13694251.96,19023244.02,-21125069.15,1640593.944,16220835.04,-14420163.82,8256490.046,20859433.21,7120100.423,13200985.05,21910238.91,23605375.81,26260817.41,24717045.12,25535994.45
-11706468.81,13691842.22,19024631.86,-21126847,1639504.556,16218734.34,-14420582.43,8253912.414,20860241.26,7117778.382,13202518.62,21910103.32,23605647.61,26261345.79,24717493.15,25535552.8
-11707145.9,13689432.34,19026019.28,-21128624.69,1638415.399,16216633.29,-14421001.18,8251334.708,20861048.87,7115456.446,13204052.33,21909967.26,23605915.47,26261877.06,24717941.49,25535115.02
-11707823.14,13687022.32,19027406.29,-21130402.2,1637326.473,16214531.9,-14421420.09,8248756.927,20861856.05,7113134.614,13205586.17,21909830.74,23606184.83,26262406.74,24718387.44,25534673.48
-11708500.53,13684612.16,19028792.88,-21132179.55,1636237.778,16212430.16,-14421839.15,8246179.072,20862662.8,7110812.886,13207120.14,21909693.74,23606453.9,26262937.26,24718836.83,25534235.08
-11709178.08,13682201.86,19030179.05,-21133956.73,1635149.314,16210328.07,-14422258.36,8243601.142,20863469.1,7108491.264,13208654.25,21909556.29,23606722.63,26263465.86,24719283.24,25533795.73
-11709855.79,13679791.43,19031564.8,-21135733.74,1634061.081,16208225.63,-14422677.72,8241023.138,20864274.97,7106169.746,13210188.48,21909418.36,23606993.47,26263999.46,24719730.86,25533355.71
-11710533.66,13677380.86,19032950.14,-21137510.58,1632973.079,16206122.85,-14423097.23,8238445.059,20865080.41,7103848.332,13211722.84,21909279.97,23607262.35,26264529.92,24720178.02,25532915.09
-11711211.68,13674970.15,19034335.05,-21139287.26,1631885.308,16204019.73,-14423516.89,8235866.906,20865885.4,7101527.024,13213257.34,21909141.11,23607531.69,26265060.24,24720624.32,25532478.43
-11711889.85,13672559.3,19035719.56,-21141063.76,1630797.768,16201916.25,-14423936.7,8233288.679,20866689.97,7099205.82,13214791.97,21909001.78,23607801.36,26265590.86,24721071.76,25532037.69
-11712568.18,13670148.32,19037103.64,-21142840.1,1629710.458,16199812.43,-14424356.66,8230710.378,20867494.09,7096884.721,13216326.73,21908861.99,23608069.77,26266122.62,24721521.1,25531597.95
-11713246.67,13667737.2,19038487.3,-21144616.27,1628623.38,16197708.26,-14424776.77,8228132.003,20868297.78,7094563.727,13217861.62,21908721.73,23608339.66,26266651.06,24721968.55,25531161.45
-11713925.31,13665325.94,19039870.55,-21146392.27,1627536.533,16195603.75,-14425197.03,8225553.554,20869101.03,7092242.838,13219396.64,21908581,23608611.16,26267184.04,24722414.16,25530721.55
-11714604.11,13662914.54,19041253.38,-21148168.1,1626449.917,16193498.88,-14425617.45,8222975.03,20869903.85,7089922.054,13220931.79,21908439.81,23608881.4,26267713.89,24722862.3,25530282.79
-11715283.07,13660503.01,19042635.8,-21149943.76,1625363.531,16191393.68,-14426038.01,8220396.433,20870706.23,7087601.375,13222467.07,21908298.15,23609150.17,26268241.85,24723311.44,25529842.98
-11715962.18,13658091.33,19044017.79,-21151719.25,1624277.377,16189288.12,-14426458.72,8217817.762,20871508.17,7085280.801,13224002.49,21908156.02,23609421.69,26268774.43,24723757.82,25529404.96
-11716641.45,13655679.53,19045399.37,-21153494.58,1623191.454,16187182.22,-14426879.59,8215239.018,20872309.68,7082960.333,13225538.03,21908013.43,23609690.3,26269304.22,24724207.22,25528966.61
-11717320.87,13653267.58,19046780.53,-21155269.74,1622105.761,16185075.97,-14427300.6,8212660.199,20873110.75,7080639.97,13227073.71,21907870.37,23609961.92,26269836.28,24724655.61,25528527.69
-11718000.45,13650855.5,19048161.27,-21157044.72,1621020.299,16182969.38,-14427721.77,8210081.307,20873911.39,7078319.712,13228609.51,21907726.84,23610232.87,26270367.81,24725105.42,25528090.55
-11718680.19,13648443.28,19049541.6,-21158819.54,1619935.069,16180862.44,-14428143.08,8207502.341,20874711.59,7075999.559,13230145.45,21907582.84,23610502.27,26270896.96,24725553.36,25527650.7
-11719360.08,13646030.92,19050921.5,-21160594.19,1618850.069,16178755.15,-14428564.55,8204923.302,20875511.35,7073679.512,13231681.52,21907438.38,23610773.55,26271428.9,24725999.21,25527213.97
-11720040.13,13643618.43,19052300.99,-21162368.67,1617765.3,16176647.52,-14428986.16,8202344.189,20876310.67,7071359.57,13233217.72,21907293.45,23611043.07,26271958.55,24726448.69,25526774.33
-11720718.38,13641207.51,19053685.28,-21164145.09,1616677.875,16174543.87,-14429406.05,8199765.927,20877115.02,7069038.42,13234752.41,21907153.89,23611316.6,26272493.24,24726899.83,25526338.94
-11721394.84,13638798.18,19055074.37,-21165923.44,1615587.794,16172444.21,-14429824.2,8197188.52,20877924.38,7066716.067,13236285.59,21907019.7,23611592.68,26273033.34,24727355.49,25525906.64
-11722071.46,13636388.72,19056463.05,-21167701.63,1614497.944,16170344.21,-14430242.51,8194611.037,20878733.3,7064393.817,13237818.9,21906885.04,23611869.68,26273571.39,24727807.88,25525475.02
-11722748.23,13633979.11,19057851.3,-21169479.65,1613408.324,16168243.86,-14430660.97,8192033.481,20879541.79,7062071.672,13239352.35,21906749.92,23612143.82,26274110.78,24728260.47,25525043.95
-11723425.16,13631569.37,19059239.14,-21171257.5,1612318.936,16166143.16,-14431079.57,8189455.849,20880349.84,7059749.631,13240885.93,21906614.33,23612423.43,26274647.37,24728715.5,25524609.6
-11724102.24,13629159.48,19060626.57,-21173035.19,1611229.779,16164042.11,-14431498.33,8186878.143,20881157.45,7057427.695,13242419.64,21906478.27,23612699.1,26275186.85,24729170.85,25524179.14
-11724779.48,13626749.46,19062013.57,-21174812.7,1610140.853,16161940.72,-14431917.24,8184300.362,20881964.63,7055105.863,13243953.48,21906341.75,23612976.28,26275724.73,24729623.8,25523744.9
-11725456.88,13624339.31,19063400.16,-21176590.05,1609052.158,16159838.98,-14432336.3,8181722.507,20882771.37,7052784.136,13245487.45,21906204.76,23613253.15,26276263.46,24730080.19,25523313.81
-11726134.43,13621929.01,19064786.33,-21178367.23,1607963.694,16157736.89,-14432755.51,8179144.577,20883577.68,7050462.513,13247021.55,21906067.3,23613529.69,26276800.26,24730533.59,25522881.77
-11726812.14,13619518.58,19066172.08,-21180144.24,1606875.461,16155634.46,-14433174.87,8176566.573,20884383.55,7048140.995,13248555.78,21905929.38,23613808.34,26277342.07,24730988.22,25522449.05
-11727490,13617108,19067557.42,-21181921.08,1605787.459,16153531.67,-14433594.38,8173988.494,20885188.98,7045819.581,13250090.15,21905790.98,23614085.04,26277880.73,24731442.37,25522015.74
-11728168.02,13614697.3,19068942.34,-21183697.76,1604699.688,16151428.55,-14434014.04,8171410.341,20885993.98,7043498.273,13251624.65,21905652.12,23614362.19,26278419.26,24731895.67,25521586.39
-11728846.2,13612286.45,19070326.84,-21185474.26,1603612.148,16149325.07,-14434433.85,8168832.114,20886798.54,7041177.069,13253159.27,21905512.8,23614639.66,26278958.09,24732350.12,25521152.96
-11729524.53,13609875.46,19071710.92,-21187250.6,1602524.839,16147221.25,-14434853.81,8166253.813,20887602.67,7038855.97,13254694.03,21905373.01,23614915.89,26279498.05,24732806.45,25520720.52
-11730203.02,13607464.34,19073094.59,-21189026.77,1601437.761,16145117.08,-14435273.92,8163675.438,20888406.36,7036534.976,13256228.92,21905232.75,23615193.59,26280034.69,24733260.89,25520291.33
-11730881.66,13605053.08,19074477.83,-21190802.77,1600350.913,16143012.57,-14435694.18,8161096.988,20889209.61,7034214.087,13257763.94,21905092.02,23615472.9,26280575.88,24733713.51,25519858.73
-11731560.46,13602641.69,19075860.66,-21192578.6,1599264.297,16140907.71,-14436114.59,8158518.465,20890012.43,7031893.303,13259299.09,21904950.82,23615750.95,26281113.94,24734168.65,25519427.29
-11732239.42,13600230.15,19077243.08,-21194354.26,1598177.912,16138802.5,-14436535.16,8155939.868,20890814.81,7029572.624,13260834.38,21904809.16,23616027.53,26281650.1,24734624.79,25518994.78
-11732918.53,13597818.48,19078625.07,-21196129.76,1597091.757,16136696.94,-14436955.87,8153361.197,20891616.75,7027252.051,13262369.79,21904667.04,23616306.86,26282190.89,24735078.17,25518564.08
-11733597.8,13595406.67,19080006.65,-21197905.08,1596005.834,16134591.04,-14437376.73,8150782.452,20892418.26,7024931.582,13263905.34,21904524.44,23616583.28,26282728.88,24735534.56,25518133.03
-11734277.22,13592994.73,19081387.81,-21199680.24,1594920.141,16132484.79,-14437797.75,8148203.634,20893219.33,7022611.219,13265441.01,21904381.38,23616862.7,26283269.15,24735989.95,25517701.42
-11734956.8,13590582.64,19082768.55,-21201455.22,1593834.68,16130378.2,-14438218.91,8145624.742,20894019.96,7020290.961,13266976.82,21904237.85,23617141.47,26283808.89,24736446.76,25517271.58
-11735636.54,13588170.42,19084148.88,-21203230.04,1592749.449,16128271.26,-14438640.23,8143045.776,20894820.16,7017970.808,13268512.75,21904093.86,23617418.67,26284346.24,24736901.69,25516839.04
-11736316.43,13585758.07,19085528.78,-21205004.69,1591664.449,16126163.97,-14439061.69,8140466.737,20895619.92,7015650.761,13270048.82,21903949.39,23617697.76,26284886.39,24737354.54,25516409.62
-11736996.48,13583345.57,19086908.27,-21206779.17,1590579.68,16124056.34,-14439483.31,8137887.624,20896419.25,7013330.82,13271585.02,21903804.46,23617975.09,26285424.25,24737811.02,25515977.29
